2
16 80
00000000000000000000000000000000000000000000000000000000000000000000000000000000
00000000000000000000000000000000000000000000000000000000000000000000000000000000
00000000000000000000000000000000000000000000000000000000000000000000000000000000
00000000000000000000000000000000000000000000000000000000000000000000000000000000
00000000000000000000000000000000000000000000000000000000000000000000000000000000
00000000000000000000000000000000000000000000000000000000000000000000000000000000
00000000000000011101101100010111011011000101100010001101001001101110110000000000
00000000000000011101101100010111011011000101100010001101001001101110110000000000
00000000000000011101101100010111011011000101100010001101001001101110110000000000
00000000000000011101101100010111011011000101100010001101001001101110110000000000
00000000000000011101101100010111011011000101100010001101001001101110110000000000
00000000000000011101101100010111011011000101100010001101001001101110110000000000
00000000000000011101101100010111011011000101100010001101001001101110110000000000
00000000000000000000000000000000000000000000000000000000000000000000000000000000
00000000000000000000000000000000000000000000000000000000000000000000000000000000
00000000000000000000000000000000000000000000000000000000000000000000000000000000
11 70
0000000000000000000000000000000000000000000000000000000000000000000000
0000000000000000000000000000000000000000000000000000000000000000000000
0000000110010100011010001101011110110111001001100100110111011000000000
0000000110010100011010001101011110110111001001100100110111011000000000
0000000110010100011010001101011110110111001001100100110111011000000000
0000000110010100011010001101011110110111001001100100110111011000000000
0000000110010100011010001101011110110111001001100100110111011000000000
0000000110010100011010001101011110110111001001100100110111011000000000
0000000000000000000000000000000000000000000000000000000000000000000000
0000000000000000000000000000000000000000000000000000000000000000000000
0000000000000000000000000000000000000000000000000000000000000000000000
